20
8 3 4
1 9 2
11 6 10
9 2 10
16 14 2
17 12 1
13 5 3
7 17 6
9 11 1
3 14 7
1 16 9
12 2 7
13 7 2
11 9 4
11 2 9
13 4 10
1 14 4
4 19 6
5 16 4
15 18 5
11 4 10
12 0 6
11 3 5
1 19 1
14 15 3
10 19 5
14 18 5
15 12 10
15 4 5
14 0 8
10 14 9
0 13 1
10 18 5
1 7 10
11 13 1
16 4 9
3 17 7
3 12 7
10 10 8
5 11 9
15 15 1
12 13 3
9 3 2
18 11 6
8 6 8
0 11 6
3 10 9
13 18 7
19 17 5
18 6 9
3 9 8
8 18 1
8 5 9
18 2 10
4 15 7
2 6 8
4 7 7
0 9 9
18 5 7
12 5 8
1 12 7
3 5 3
13 13 1
17 3 4
13 8 8
12 14 9
7 19 2
2 10 3
18 14 4
12 1 10
6 18 3
16 12 8
1 8 9
7 18 5
4 18 4
8 2 8
14 3 4
8 14 10
9 15 3
2 7 8
19 0 6
7 7 8
6 5 6
9 0 7
19 11 10
1 4 9
1 13 3
10 11 5
5 18 3
6 2 3
6 17 3
11 10 8
15 8 10
16 8 10
5 1 3
0 0 9
6 8 2
16 9 9
14 4 8
15 16 10
14 8 5
13 15 7
11 14 3
8 15 6
3 11 6
5 0 10
4 0 2
2 3 4
5 2 7
7 15 10
4 1 4
7 9 7
15 6 7
12 11 10
14 10 3
5 12 9
18 7 8
15 11 5
19 14 4
0 3 9
6 12 7
3 0 7
16 1 10
9 1 1
0 2 7
8 12 5
17 15 9
14 11 10
2 15 3
16 10 6
1 3 6
6 1 6
0 19 2
12 3 4
10 13 4
1 18 9
0 16 6
5 8 10
6 16 1
18 8 10
4 5 8
8 0 9
3 13 9
19 13 3
3 18 10
2 8 7
11 8 2
2 4 10
6 19 8
4 13 5
16 2 2
10 9 7
15 7 5
4 2 9
14 16 3
7 12 8
4 9 7
6 6 3
19 8 9
6 7 1
5 7 2
5 9 3
18 4 2
5 3 2
3 6 5
9 17 8
6 13 5
17 8 3
14 2 7
2 14 5
13 16 4
2 18 8
3 2 5
6 9 4
0 12 2
3 1 9
4 4 8
8 7 8
18 10 2
10 2 1
4 11 4
10 1 9
2 5 2
2 12 8
1 0 4
12 8 9
4 10 2
15 2 4
17 13 1
17 9 6
10 16 2
15 9 3
1 1 2
0 10 10
1 2 8
4 6 6
11 15 7
5 19 8
8 9 9
1 5 2
6 3 2
15 13 9
8 11 4
9 13 4
14 13 1
14 9 4
4 17 3
11 7 1
19 12 8
11 17 5
19 5 10
14 5 10
0 5 2