15
13 5 1
5 13 1
14 0 6
0 14 6
0 7 8
7 0 8
3 7 8
7 3 8
12 8 10
8 12 10
1 5 9
5 1 9
5 0 4
0 5 4
0 4 1
4 0 1
6 14 7
14 6 7
6 10 4
10 6 4
4 3 5
3 4 5
6 13 12
13 6 12
10 9 8
9 10 8
13 1 19
1 13 19
5 2 10
2 5 10
13 4 2
4 13 2
12 0 1
0 12 1
4 2 7
2 4 7
14 8 4
8 14 4
2 14 9
14 2 9
0 12 10
12 0 10
0 1 4
1 0 4
9 2 7
2 9 7
0 11 4
11 0 4
1 9 9
9 1 9
1 14 8
14 1 8
10 8 5
8 10 5
8 11 10
11 8 10
1 2 2
2 1 2
0 2 10
2 0 10
2 11 10
11 2 10
7 6 8
6 7 8
9 3 2
3 9 2
7 12 6
12 7 6
11 13 7
13 11 7
6 12 4
12 6 4
9 0 10
0 9 10
0 5 1
5 0 1
3 2 9
2 3 9
2 1 7
1 2 7
14 5 10
5 14 10
7 9 8
9 7 8
13 10 7
10 13 7
13 11 1
11 13 1
7 14 2
14 7 2
11 3 2
3 11 2
5 9 8
9 5 8
10 3 9
3 10 9
14 2 3
2 14 3
3 13 9
13 3 9