100
78 23 2
2 31 4
40 7 6
53 3 2
50 51 10
76 58 6
46 43 8
44 19 7
35 70 2
90 16 9
57 99 10
92 26 1
98 12 6
55 37 10
45 25 6
8 67 8
46 48 4
30 66 8
12 35 9
9 68 3
97 98 10
69 79 1
30 76 4
33 28 9
5 50 5
72 87 8
79 83 3
19 54 9
99 20 1
27 30 4
28 40 7
50 29 7
36 69 4
15 63 10
55 81 9
98 6 10
60 96 6
79 85 3
99 33 5
95 65 2
89 14 10
10 5 2
97 34 6
28 32 9
88 73 2
72 15 6
55 62 6
64 82 7
18 13 5
20 93 10
72 80 6
74 0 3
10 94 4
94 92 1
93 74 10
86 41 1
18 39 10
80 4 7
7 18 8
99 42 3
7 86 3
61 1 9
6 97 7
17 72 9
28 60 2
92 46 4
19 44 8
22 47 7
3 89 1
82 59 6
6 91 2
61 77 2
15 17 3
21 61 7
42 55 4
11 84 8
58 21 6
73 64 5
5 90 7
67 11 9
36 24 3
48 36 7
21 10 4
45 38 1
84 49 9
47 88 5
44 8 4
59 78 4
62 57 10
80 53 9
56 56 1
29 27 10
87 45 6
24 52 3
79 2 9
86 71 1