100
60 21 5
71 49 4
21 1 4
66 2 5
97 26 9
57 56 9
33 83 2
74 9 9
15 39 2
18 13 3
91 31 6
45 79 1
83 63 6
83 75 8
91 18 5
25 97 5
13 54 3
87 22 5
28 11 5
5 66 10
52 7 3
40 61 9
4 16 5
79 69 1
60 47 4
29 40 5
3 41 9
34 38 4
30 36 3
70 19 2
21 92 9
10 85 6
15 52 5
90 84 10
72 34 8
9 99 4
19 87 4
47 30 6
30 71 10
95 86 7
58 23 10
10 8 4
86 46 4
26 12 9
99 3 1
94 74 3
10 88 3
54 0 1
55 73 1
88 29 6
80 78 1
18 10 1
58 94 5
4 60 4
72 98 10
90 20 6
3 55 10
63 68 3
27 70 2
48 42 4
5 81 1
26 50 9
28 80 7
55 90 10
25 24 5
